num <- c(-5, 3, -2, 7, 0, -8, 6, 13, 2, -9)
num

Ans2 <- num < 0
Ans2