Ans5 <- c(1:4) + c(1:10)
Ans5