x <- c(5, 12, 8, 15, 3, 20, 11, 7, 48, 6, 59, 17, 1)

Ans7 <- x[x > 10]
Ans7